735 611220
18922465 460
539175511 480
286606362 420
864698622 504
220611538 50
585959554 287
953488457 346
368013681 722
64178672 75
672339306 768
742874038 792
365953014 973
215054465 195
225704571 872
771104574 80
692958444 966
316167800 175
112429047 461
103528054 373
480091053 753
688595388 656
182955821 158
439741919 423
874423798 908
658013449 661
288573302 65
563905395 496
160223299 858
422639961 659
942562422 599
674823627 5
719603469 620
656570960 272
861728784 44
429606837 440
511830246 546
297341151 540
75952585 130
327634487 532
54827875 356
757017661 536
73735638 162
253629828 891
79242488 298
594329415 802
175193929 428
82274859 966
68956288 862
620917586 755
367984781 783
928656317 893
860310800 514
666020438 850
120454988 50
776985611 182
829718303 385
780016820 423
151590652 889
240137111 575
705075183 13
862835856 860
882242289 134
732549962 750
413616494 123
498467790 937
522078225 389
176544769 227
409292376 56
735708776 341
954842057 518
403733871 674
193796843 420
72261936 275
478265184 928
438712431 473
192118076 614
343418593 970
159939874 63
315629404 397
802987122 526
14179406 40
20453993 20
734195035 462
884673747 838
121178467 726
734496626 822
283574155 7
541806111 685
487948013 995
499511526 508
1919746 155
597295932 987
229999590 104
851617704 40
744905872 261
34368285 771
886167908 88
975229229 778
841671019 448
39467707 785
79556166 94
684484379 234
461371395 899
593271603 124
309357395 960
281636782 454
187270277 275
478533721 795
523349025 999
439111978 923
800075235 265
957930441 998
837888685 988
682183034 711
664913490 413
71673931 565
595183818 658
569809317 825
523163225 833
831106278 544
978554183 363
119870836 724
40839846 876
289783513 926
851726266 922
526710821 184
995796627 916
622658494 489
619789522 945
908653752 89
871617323 597
178718513 257
97516223 874
586246854 476
49988869 346
904408964 806
948551977 384
205618322 649
631715585 993
249614843 557
887103032 863
265560102 594
417325657 670
566210269 673
546386458 836
268649354 619
984616938 312
811652985 475
782023806 924
150302684 805
222594191 697
219098041 943
66986396 671
896892603 219
493500409 355
459283182 226
121823834 567
463688189 419
880999156 242
58201305 664
94598336 183
681827256 456
807281309 685
86097520 781
747031109 712
513273343 771
38952176 973
896545673 953
108003282 26
705640516 326
307245227 601
469801814 867
801002112 457
705214178 102
635334516 109
425043952 734
536091806 578
932216502 775
456338492 906
590048408 33
901067025 881
314026225 735
131049041 789
528672439 76
704552547 798
795983347 584
234395106 681
883865190 934
504732207 800
262120857 967
117363824 125
131998737 980
304357072 675
146926650 81
901774115 700
50132860 573
893844805 114
958777023 207
860642347 191
186229997 236
583966585 944
68002067 887
889349316 109
280197626 571
481620361 714
784181224 367
30845796 370
108559737 39
722041676 161
402377060 228
454465201 285
547533287 731
159813640 753
838418026 48
609768456 508
591142953 364
446893357 713
618034739 311
510996463 957
618106849 727
428746299 621
456624936 705
437604128 442
730937712 91
600929548 116
80773817 299
30656261 422
533295953 507
359023814 909
906384109 325
199733708 752
870747460 873
817659858 196
485669192 282
545112935 157
57151512 817
19198741 6
369693074 162
349014688 146
884588958 4
164230800 577
854134438 895
819095140 437
883581780 728
638246696 931
313959680 416
863234388 706
773657068 378
187706392 284
761935199 354
66598550 764
178171578 496
958762484 908
264432083 231
706097540 549
489229505 878
729968030 82
775080268 687
433461850 680
531046330 691
436126631 895
545093368 598
273721951 515
267791403 374
728555165 85
321432988 800
726360753 407
839375121 625
495285142 17
724845175 607
793739228 939
976292774 474
992616824 600
305063104 274
628344718 207
271960203 983
390490531 428
761090022 379
237671540 922
476003490 144
104270252 870
708936490 32
699653122 497
882407976 2
646203804 609
616181556 92
998325918 83
941603872 956
478895710 467
652926110 931
404262327 105
345756637 821
784892430 900
19612488 655
167147601 847
656453336 654
589827023 88
71858555 983
581702615 703
878653500 202
458874469 733
849307419 277
700725401 110
934643861 250
104660704 909
713660103 957
14639577 58
92220882 42
585620031 281
969394747 384
52302674 809
63688418 737
74221057 191
941169384 474
978029115 10
938466922 972
817191194 208
517231129 86
744724446 593
818401826 788
609379980 539
624519423 251
537137825 586
301921010 915
244672244 992
859324628 732
854893515 990
408508465 578
167006726 742
181494626 338
83185526 129
338710118 340
3547588 24
901768476 274
33199511 164
201792928 460
669740837 918
195946792 826
355284841 121
269759299 426
459394514 729
57409785 667
531882577 997
791536066 387
515261169 603
413617816 912
749266700 870
398885571 906
430335408 842
477449811 866
936639660 737
639912550 74
92883610 116
58200437 722
89082926 479
364364849 378
747377088 107
352221339 421
905740734 390
516823290 87
342361815 177
17489792 544
453365473 782
428774309 954
840228513 833
201746925 333
409947519 292
293264539 276
103592215 399
767205423 273
839670056 506
921829344 195
44592086 536
618879415 506
324949036 421
724160363 539
794489672 883
884175869 715
249237793 8
551456587 111
617622099 37
389948635 467
906777156 132
34021027 863
835745997 38
213164584 205
772469834 212
819439271 479
629996617 388
564742856 800
353880168 427
804156712 250
859659416 668
705491747 413
933671101 732
23668218 434
985363211 731
633538995 84
636711671 809
173316558 956
154059375 33
962762935 983
915842429 442
867234331 171
710101168 711
92934436 414
847210491 528
899964664 282
687257104 41
422582630 81
285016893 397
3222503 968
370468234 443
195249829 209
717811261 660
268240550 530
992481846 592
965786486 270
725950704 43
94389271 869
170273044 236
297200816 765
980519946 721
782331153 539
98568719 4
345060839 568
416668253 281
292487230 125
845320699 61
556129522 848
924091120 226
434569747 242
743133190 66
238633543 368
960154674 448
919431985 320
870253647 971
57868909 398
544370093 403
721187032 130
949625606 56
780631702 480
421766469 912
500412967 149
839340652 281
446901254 144
108440721 529
664203310 585
210828726 250
658148996 344
166517174 351
439693996 205
793812307 792
729469906 657
270316906 657
96006837 481
79931514 544
630441228 10
899337902 558
382270760 97
835497900 542
380052991 872
723952043 117
211164677 275
953848422 204
226919255 91
813513328 380
962573854 148
706235495 127
143114448 540
277128952 886
462475476 400
579878932 912
959252967 829
843749891 834
200678113 959
918538797 265
930954854 226
637885593 368
695745336 191
406151617 373
694547305 3
807076328 825
46217296 637
814132185 622
467639987 30
963670377 907
431163864 837
812293239 865
310113841 176
886350047 9
50159242 735
9933541 425
555629707 801
224851553 118
418520022 442
20752019 803
741172603 389
875596277 121
525214174 525
971326520 135
484117895 573
405896447 983
732494465 929
481835629 256
248277709 293
81925040 49
345420276 214
853109547 992
681644945 174
559381060 172
55442313 803
23833696 725
542250909 7
609695362 794
524154530 551
290975121 641
862478734 68
692312670 647
863232187 323
175163353 703
795269448 675
19491467 319
624221964 168
633743519 743
62196058 638
368080736 77
909679824 169
639767047 135
964584991 315
418915703 287
142742388 48
253007624 278
164141990 151
950149229 680
238757341 210
47750844 259
95004973 658
374919007 373
828520319 216
830440284 556
462833543 574
893142483 908
112849057 402
260772455 360
587957475 465
582979176 200
877456599 321
294495458 529
935666809 379
702100716 220
237555182 772
386380281 171
653050312 217
289110106 832
210041239 936
441860683 112
241373087 429
674135794 481
230498518 849
959488611 314
372608437 491
124940886 431
327216766 506
202550174 408
195102801 673
34813407 243
603599142 981
287126014 903
616892012 921
518286314 547
159232126 646
778117936 444
822757520 184
445294853 84
216882640 899
915947431 906
143544000 930
281500149 275
79039875 100
165592223 109
928620777 496
378172031 838
42996889 163
229891702 385
222117645 243
65475951 556
228753246 630
273418103 944
431342575 894
555677692 352
578891395 74
532020987 174
607507386 86
661876565 564
114551093 796
446691195 859
372584447 550
376589347 295
850966391 68
547113450 953
177720945 151
616074938 182
80928746 484
727452246 383
967429934 386
117415629 323
638508390 360
760732749 909
953885878 327
501958712 433
785517549 141
731116126 476
528320882 793
888052304 194
778534491 420
279281546 716
882100512 667
412387936 752
969645453 313
739051872 214
373435419 386
623443884 274
531270900 475
657940278 205
735987208 192
710444831 670
915590679 690
21847984 510
866591205 607
33186637 686
352622649 343
391064266 843
646346188 166
897117936 962
899299120 950
287148271 367
584133199 261
711767693 393
571266465 494
921207510 763
224551948 413
805249005 594
249331616 12
842100997 956
676690788 458
390843209 984
568518679 875
126095129 747
516534730 624
602391374 143
228982333 540
272164639 234
773921446 243
202197984 185
755365196 684
229737504 236
826614653 816
489302382 356
704477689 111
883716644 998
12378289 240
66367320 427
235874848 964
599259197 859
705036970 158
268301774 528
214083985 701
936140521 850
480342257 942
440350770 479
518174877 804
600917969 666
721885723 556
764772711 902
264761608 893
504973628 935
771065011 39
875409466 131
65302561 975
430798498 680
216426362 117
131728004 799
87976443 239
529535920 904
48607544 825
968345414 358
471323611 49
327626274 765
283026968 19
355604888 86
188953978 894
678572105 178
680475815 651
77492034 131
649137801 928
57792911 25
573509580 509
976037868 460
324195421 537
849117285 83
503412016 424
80652463 723
175118651 6
899805244 44
723559116 494
790720565 255
370665522 218
438066714 416
19897383 896
947384246 256
608412404 484
177672574 793
433383454 228
524998883 631
640337676 511
525717809 144
858647665 415
326361589 159
277423762 351
752023742 582
7059725 556
897029158 557
227132182 778
229615005 585
27823533 571
422502840 839
748349196 85
285222609 570
223000734 771
739004069 401
118953943 962
792866383 617
842540720 241
1771899 156
