557 892255
370235702 325
499299900 261
601232804 478
310120875 552
719596783 123
574246357 533
171620582 419
196268532 556
186364820 451
599523073 940
993262589 924
95457126 999
786667955 902
848380132 664
419448682 717
288691062 218
469431694 750
410467703 81
354648060 901
169405410 383
535213708 315
817292631 164
511692827 589
397871108 831
849752788 753
439883373 943
883561471 188
339976150 415
91126949 635
372929312 679
769154365 792
534566431 134
423402184 600
191419160 450
954200929 481
790921674 606
638100520 725
819486881 947
880547056 173
459152775 465
176662705 222
173532191 166
627721002 482
416012647 228
250466154 736
692591823 424
280252464 672
214971122 170
581314535 232
578464367 445
675519071 381
312213340 913
185442195 131
138853404 348
629156429 97
237894671 113
850426230 175
852452721 957
242394827 615
247027983 154
497390807 537
894294449 136
344938923 719
407647780 320
618210256 567
595701456 682
542420610 636
905525616 460
858757959 445
966588589 162
694441181 676
179742579 272
772612483 287
108325327 60
335918627 943
441914046 894
312891310 679
65775047 58
478034628 944
25472122 228
907186324 985
450770395 110
794393260 904
884941104 418
869146498 742
720395615 974
288714791 741
381874471 460
274721954 426
710853430 129
528164683 752
66938438 259
456993448 928
191830593 66
791737909 774
585230699 244
553405462 244
995029513 982
831745988 934
388060326 530
523872350 67
338733431 499
670374051 797
454343973 733
818155535 527
81082708 759
485756006 526
740405591 155
711187477 365
803775042 744
546889417 743
841519496 993
561874423 438
493448583 487
817151815 454
51383005 835
542152281 755
627427874 363
71804329 948
528292730 940
577382764 24
743380878 862
954214663 44
628342219 30
151598482 846
275236418 201
606991009 744
663170683 737
813490980 525
945880106 786
521975537 655
623123378 651
267136608 49
140327948 905
666712154 1000
869641829 697
509750983 365
432264653 966
829639349 466
536443654 396
287586738 343
741301442 390
405418125 797
257901816 879
31746463 392
931948911 513
115880421 228
561519021 936
617953371 623
826189175 500
72517679 888
912565339 687
402353051 762
9051283 212
153251707 604
92145165 76
628174151 247
529152062 885
838734668 353
931953413 36
370390120 119
948082906 339
359539206 527
697352736 106
547528396 855
404677589 644
59868391 164
245071964 772
362455208 655
76037701 96
973534428 91
302723282 103
58334702 383
565767208 927
100628732 155
778550703 108
28986883 452
243934391 200
102944177 759
558719005 515
459522174 323
638318481 751
622876627 138
781801514 111
951023413 975
681300092 498
449502899 228
516097801 758
73735246 965
492261143 400
961652714 316
100003960 994
197114450 434
754954006 917
120443419 908
399015705 272
439113679 425
814093901 889
260305645 453
474352622 510
321878203 52
8735523 700
71086787 564
556978791 116
16144012 491
978432519 37
283377853 9
407437931 889
10820025 698
402535271 964
175904728 345
389817993 649
949719051 887
269516227 25
683071702 439
561664811 404
404286467 368
247292646 536
511014893 77
648121385 443
632883952 338
524828521 590
552152677 874
357310950 381
168128782 916
712764709 848
503830167 99
644480111 308
603856795 827
193597959 193
817263868 666
991819445 21
13945564 843
821323663 15
174563946 73
469411235 579
429760452 853
385728142 40
654573855 952
602381130 757
241592916 778
593276370 63
971777423 167
490166438 574
506734492 479
92709766 33
480488280 948
472409102 124
538245648 785
292981037 432
416795528 287
13945229 917
780074285 530
973465105 225
925609545 705
111904150 808
776083674 785
369451530 357
106081316 680
400554471 860
604251247 455
108088727 610
898118231 753
477091758 537
795339340 80
839358373 288
90218981 725
330473516 483
259304225 779
572327938 231
44169955 730
221793016 602
735073287 791
744657362 900
941615723 372
731731763 965
114062273 847
92483688 466
806999934 439
199713156 771
73677188 321
383199028 491
537788216 255
610463160 72
105146937 39
745699671 152
522192686 826
469575944 39
101620065 875
509957109 395
303807618 937
89049133 886
356731467 671
220085860 142
612837803 489
718414786 834
111628097 658
590279613 202
757273998 496
509617102 671
258753079 308
997027000 706
726464388 426
46454846 420
581479673 743
689727366 266
386386532 746
944859774 199
555149579 204
299641023 136
929843560 148
389286010 114
695241786 868
633927407 407
285244598 273
308507249 537
884038144 665
64509571 538
750734480 216
488752639 532
82729456 346
978177616 97
943215073 5
854983427 862
565033974 134
579054330 511
109580241 954
444031711 16
247874403 118
232977656 427
236501210 189
588925868 240
450894517 966
723303396 772
584099934 753
289835448 72
800791415 411
444076535 929
748347947 505
636130278 938
293821114 669
191180323 750
397544952 977
791886810 922
119943793 597
423973799 502
36496207 105
564570461 562
919768175 603
154875454 395
452912963 871
480760206 739
860628669 745
113116996 151
409060903 407
63652594 1000
478890752 554
178751008 573
72952110 878
360082175 768
518710086 46
820182431 711
645878895 128
667949721 642
366400965 797
952498339 592
980864334 798
814280196 476
861422224 624
463985133 865
704284990 567
717110034 292
79303324 229
460175898 755
545218693 616
688922679 613
918535600 365
806614324 764
373392802 204
983102141 833
687043952 622
190812909 413
633419639 175
388555674 667
866885400 640
163103276 595
957124137 939
74117075 1000
762111092 831
492593173 963
88683594 266
208972129 483
40311736 324
127478908 368
875614448 702
165129450 144
206469558 503
368892992 929
53304112 338
819810684 584
623776054 382
430872750 186
938029641 715
510082421 318
50235989 102
353036518 845
731133610 902
498987853 854
3542991 1
297802110 114
479321354 781
421871555 690
230540330 640
603765791 810
976010934 92
449078236 938
638312846 685
148993496 721
176335872 866
632118138 745
956518854 898
21854552 315
198063108 285
741666326 365
286977918 837
436616926 984
998091923 67
674818743 810
598798443 169
676105895 208
793780007 414
925643170 563
571825958 35
107787510 688
417787115 87
619966607 161
73512049 545
878292662 522
839309520 415
287140722 310
676043130 336
134407370 670
876953154 698
148730000 165
596490449 584
341619014 898
583954817 511
686040870 523
16653976 404
925492311 231
442232438 181
500380327 369
502501283 868
11267705 874
198620974 474
788989696 601
150743187 634
12801342 381
614671426 645
149707279 109
559869837 935
922511633 835
598614129 385
224160692 870
6184925 356
658397831 122
960211167 286
783723131 430
243120760 581
174776747 591
921453522 427
889850629 572
602692151 198
774782006 889
754906733 136
564651823 604
197245981 354
667682337 306
904766980 142
578534739 40
284244123 612
827073836 631
178731860 534
702150240 169
485431941 101
702018860 564
778774374 899
190154940 296
358837518 619
509613707 662
188327859 538
884744594 590
395943430 502
635545393 872
46637818 742
356841606 649
107735256 871
52789822 516
343016424 111
209928402 253
171225099 244
772154899 702
184403590 862
306798316 971
200276497 24
269100017 477
590114764 814
804272471 944
729309817 628
330185980 472
619264567 176
576183010 490
258247943 667
491298365 520
407690367 641
60146534 435
358064696 543
584973299 444
465929439 878
926739332 885
38901500 117
570503426 812
813732586 500
34428087 433
13838784 242
638132967 97
180594320 626
969439805 656
256885901 690
139107728 872
720608219 40
376870923 819
842623346 818
116506511 500
291966995 693
690336073 891
781626508 461
12701048 653
551978888 684
859952148 252
549218552 760
773020486 565
954531739 366
778827319 174
317837622 661
720463165 321
450754180 258
285318687 907
602615107 399
192243384 10
441626149 322
33488078 124
887231329 832
626539293 491
874401497 161
359067332 646
336672729 519
